0011111111111111111111111111111111111110
0100000000000000000000000000000000000001
0100100010000111111111000000000010001001
0101010101001000000000100000000101010101
0101010101001001000100100000000101010101
0101010101001010101010100000000101010101
0101010101001010101010100011000101010101
0101010101001010101010100011000101010101
0101010101001010101010100000000101010101
0101010101001010101010100000000101010101
0101010101001010101010100000000101010101
0101010101001010101010100011000101010101
0101010101001010101010100011000101010101
0101010101001010101010100000000101010101
0101010101001010101010100000000101010101
0101010101001010101010100011000101010101
0101010101001010101010100011000101010101
0101010101001010101010100000000101010101
0101010101001010101010100000000101010101
0101010101001010101010100000000101010101
0101010101001010101010100011000101010101
0101010101001010101010100011000101010101
0101010101001010101010100000000101010101
0101010101001010101010100000000101010101
0101010101001010101010100000000101010101
0101010101001010101010100000000101010101
0101010101001010101010100011000101010101
0101010101001010101010100011000101010101
0101010101001010101010100000000101010101
0101010101001010101010100000000101010101
0101010101001010101010100000000101010101
0101010101001010101010100000000101010101
0101010101001010101010100000000101010101
0101010101001010101010011111111001010101
0101010101001010101010000000000000100101
0101010101001010101010000000000000000101
0101010101000100010001111111111111111001
0101010101000000000000000000000000000010
0010001000111111111111111111111111111100